-88.0145000000000000000
6.4696100000000000000
6.4696700000000000000
145.5010000000000000000
145.5010000000000000000
0.0000745321000000000
0.0000730454000000000
1.3789700000000000000
1.3794400000000000000
0.0073348500000000000
0.6985420000000000000
0.6985420000000000000
0.6985420000000000000
0.4555260000000000000
0.6985410000000000000
0.0001878130000000000
0.5133960000000000000
0.3079230000000000000
0.0010002500000000000
0.9995550000000000000
0.8717150000000000000
0.0005096520000000000
0.9995550000000000000
0.9054660000000000000
0.0000000023338200000
1.0000000000000000000
0.9718970000000000000
1.0000000000000000000
1.0000000000000000000
1.0000000000000000000
0.0015391000000000000
1.0000000000000000000
1.0000000000000000000
0.1309410000000000000
0.0001925170000000000
0.9967560000000000000
0.0000001465070000000
0.0000001831320000000
0.0032523200000000000
0.9996370000000000000
0.0000683208000000000
0.0000000180145000000
0.0000826619000000000
0.0001555100000000000
0.0000567623000000000
0.0000000000000000000
0.0000000000000000000
0.0000000000000000000
0.0000000000000000000

