-88.01450000000000000
6.46961000000000000
6.46967000000000000
145.50100000000000000
145.50100000000000000
0.00007453210000000
0.00007304540000000
1.37897000000000000
1.37944000000000000
0.00733485000000000
0.69854200000000000
0.69854200000000000
0.69854200000000000
0.45552600000000000
0.69854100000000000
0.00018781300000000
0.51339600000000000
0.30792300000000000
0.00100025000000000
0.99955500000000000
0.87171500000000000
0.00050965200000000
0.99955500000000000
0.90546600000000000
0.00000000233382000
1.00000000000000000
0.97189700000000000
1.00000000000000000
1.00000000000000000
1.00000000000000000
0.00153910000000000
1.00000000000000000
1.00000000000000000
0.13094100000000000
0.00019251700000000
0.99675600000000000
0.00000014650700000
0.00000018313200000
0.00325232000000000
0.99963700000000000
0.00006832080000000
0.00000001801450000
0.00008266190000000
0.00015551000000000
0.00005676230000000
0.00000000000000000
0.00000000000000000
0.00000000000000000
12.00000000000000000
