80.00003173698510000000
-0.00000749908944654532
-0.00000762591088748693
0.00493046581904924000
0.00000000000000026014
0.00000000017679449641
0.00000000006403550013
-0.00000651728515585853
-0.00000180603981908953
-0.00000137402381730563
0.00002040626608576340
0.00000028008367631958
0.00000004812709845327
0.00000011784919634354
0.00000005618437521604
-0.00000006061985395247
0.00000052829046948533
0.00001282929547332100
-0.00000000932286826405
0.00000002922241127583
0.00015238138861965500
-0.00000000183427795503
0.00000003348942107070
0.00012852744408254700
-0.00000000000003367688
-0.00000000125461666201
0.00002810299012867680
-0.00000000129890392216
-0.00000000009092390951
-0.00000000012123187935
0.00000000161913247805
-0.00000000050184666480
-0.00000000051956156887
-0.00006253086343747390
-0.00000000003911689978
0.00000000390373606759
0.00000000000042329148
0.00000000000072065639
-0.00000156746304999610
0.00000006296952669471
-0.00000006300918402876
-0.00000000000041765728
0.00000000006767535665
0.00000000020005614319
-0.00000000022765650851
0.00000000000000000000
0.00000000000000000000
0.00000000000000000000
0.00000000000000000000
-0.00933752085663514000
