-88.01450000000000000000
-38.90824059616220000000
33.98982472132210000000
38.94774520417730000000
40.77121914847640000000
41.44310468577870000000
41.65510715649480000000
41.67273090071620000000
41.60820735389480000000
41.51261067483230000000
41.41013228929030000000
41.31202613801650000000
41.22288596655950000000
41.14370528569170000000
41.07360763394490000000
41.01080605709510000000
40.95317720040970000000
40.89860283111920000000
40.84513973836300000000
40.79109705221200000000
40.73506478929890000000
40.67590805973350000000
40.61274071373210000000
40.54489141253540000000
40.47187210704000000000
40.39334806022730000000
40.30910901770910000000
40.21904373190740000000
40.12311903057500000000
40.02136286561350000000
39.91385024097470000000
39.80069129826320000000
39.68202159619720000000
39.55799461752450000000
39.42877608960360000000
39.29453951223470000000
39.15546255409600000000
39.01172431854720000000
38.86350317174180000000
38.71097637356130000000
38.55432006689490000000
38.39369583322300000000
38.22927531775100000000
38.06121993800250000000
37.88968708947480000000
37.71483003615170000000
37.53679823710530000000
37.35573727951440000000
37.17178843900440000000
36.98508970684120000000
36.79577626200480000000
36.60398052987230000000
36.40983224199600000000
36.21345861998690000000
36.01498460959390000000
35.81453307730980000000
35.61222494661040000000
35.40817929146840000000
35.20251340193730000000
34.99534282182210000000
34.78678135467050000000
34.57694104114150000000
34.36593210404740000000
34.15386286759130000000
33.94083965131920000000
33.72696663470760000000
33.51234571138270000000
33.29707632036840000000
33.08125525837180000000
32.86497649547660000000
32.64833097160230000000
32.43140637620420000000
32.21428693044870000000
31.99705317414910000000
31.77978175665560000000
31.56254523345410000000
31.34541187149670000000
31.12844546574850000000
30.91170516978740000000
30.69524534453180000000
30.47911542788020000000
30.26335982386130000000
30.04801781312930000000
29.83312348386780000000
29.61870568620700000000
29.40478802327510000000
29.19138886244280000000
28.97852114964040000000
28.76619258652510000000
28.55440634671380000000
28.34316070446270000000
28.13244968351300000000
27.92226190094610000000
27.71258063458830000000
27.50338519803090000000
27.29465127764970000000
27.08635080556830000000
26.87845196928460000000
26.67091944890670000000
26.46371473941830000000
26.25679644718920000000
26.05012045488080000000
25.84364021100410000000
25.63730731794540000000
25.43107151629380000000
25.22488085561890000000
25.01868197143440000000
24.81242036365530000000
24.60604064879620000000
24.39948679021100000000
24.19270231343100000000
23.98563050915170000000
23.77821462429770000000
23.57039804153980000000
23.36212444696410000000
23.15333798465540000000
22.94398339748360000000
22.73400615476690000000
22.52335256759920000000
22.31196989140160000000
22.09980641487610000000
21.88681153597620000000
21.67293582914830000000
21.45813109642720000000
21.24235040739050000000
21.02554813484250000000
20.80767997603000000000
20.58870296527820000000
20.36857547771920000000
20.14725722480640000000
19.92470924227830000000
19.70089387108660000000
19.47577473189700000000
19.24931651611760000000
19.02148529538260000000
18.79224852179690000000
18.56157466760330000000
18.32943315223940000000
18.09579438952890000000
17.86062978348830000000
17.62391166022700000000
17.38561318496910000000
17.14570828912230000000
16.90417160256750000000
16.66097838491290000000
16.41610445509340000000
16.16952611577920000000
15.92122007513350000000
15.67116336739280000000
15.41933327364270000000
15.16570724621950000000
14.91026284949180000000
14.65297775638750000000
14.39382981544330000000
14.13279730930450000000
13.86985885319810000000
13.60499247755990000000
13.33817468213670000000
13.06938060175720000000
12.79858426515010000000
12.52575875800410000000
12.25087616199630000000
11.97390721980300000000
11.69482154237640000000
11.41358718470020000000
11.13017078162390000000
10.84453696037680000000
10.55664829175380000000
10.26646467795130000000
9.97394353612562000000
9.67903962619931000000
9.38170468605005000000
9.08188701904000000000
8.77953113049805000000
8.47457741225226000000
8.16696179788277000000
7.85661534144991000000
7.54346374679210000000
7.22742688501119000000
6.90841829278400000000
6.58634462451288000000
6.26110505537265000000
5.93259065015443000000
5.60068370316052000000
5.26525705095368000000
4.92617330938701000000
4.58328424000807000000
4.23642979356028000000
3.88543726741967000000
3.53012060007443000000
3.17027968076041000000
2.80569956733611000000
2.43614972812210000000
2.06138343650482000000
1.68113735278423000000
1.29513128680022000000
0.90306817788046900000
0.50463438886573500000
0.09950043160595760000
-0.31267781905629600000
-0.73225732192879100000
-1.15960533838876000000
-1.59509608840915000000
-2.03910654255791000000
-2.49201125418746000000
-2.95417613831934000000
-3.42595124169284000000
-3.90766262482407000000
-4.39960350833926000000
-4.90202493855703000000
-5.41512635389457000000
-5.93904649976759000000
-6.47385521488529000000
-7.01954669382384000000
-7.57603476028267000000
-8.14315051781456000000
-8.72064248829270000000
-9.30818056826662000000
-9.90536153467219000000
-10.51171664223870000000
-11.12672474990560000000
-11.74982280063570000000
-12.38041587023120000000
-13.01789020018950000000
-13.66162824044880000000
-14.31101830246420000000
-14.96546365605290000000
-15.62439304367910000000
-16.28726876277300000000
-16.95359421038950000000
-17.62292090585990000000
-18.29485412092790000000
-18.96905956309230000000
-19.64526888281730000000
-20.32328365784950000000
-21.00297537153950000000
-21.68428502389040000000
-22.36722320060750000000
-23.05186517782250000000
-23.73834227632710000000
-24.42683351722560000000
-25.11755781981040000000
-25.81076666745760000000
-26.50673437046930000000
-27.20575380854940000000
-27.90813369534580000000
-28.61419841571550000000
-29.32429002373450000000
-30.03877202676240000000
-30.75803529186900000000
-31.48250560292390000000
-32.21265132974750000000
-32.94899125576110000000
-33.69210222619470000000
-34.44262565014740000000
-35.20127207340500000000
-35.96882436400590000000
-36.74613913030200000000
-37.53414367186110000000
-38.33382756938730000000
-39.14623293031050000000
-39.97244235683000000000
-40.81355799480300000000
-41.67067480031250000000
-42.54485923055180000000
-43.43712113424870000000
-44.34839124783410000000
-45.27950357344950000000
-46.23118581506530000000
-47.20406213684560000000
-48.19867280486110000000
-49.21550515463040000000
-50.25503990346400000000
-51.31780425863520000000
-52.40443057122520000000
-53.51571988421300000000
-54.65269690144920000000
-55.81666091745290000000
-57.00922337955390000000
-58.23233267812070000000
-59.48827218162800000000
-60.77963047807300000000
-62.10922864041720000000
-63.47998044570070000000
-64.89465562896390000000
-66.35550539971420000000
-67.86370976672680000000
-69.41856104606020000000
-71.01637721818060000000
-72.64911167455350000000
-74.30282785164210000000
-75.95640622141430000000
-77.58118975498100000000
-79.14236837413710000000
-80.60267100947930000000
-81.92792149639820000000
-83.09288398206880000000
-84.08523024606730000000
-84.90612255589320000000
-85.56790747917110000000
-86.08997353671990000000
-86.49468850572590000000
-86.80418213552520000000
-87.03840640340970000000
-87.21435814623090000000
-87.34584940770760000000
-87.44377624428220000000
-87.51661340301510000000
-87.57083305523800000000
-87.61120103885750000000
-87.64132125295500000000
-87.66390276821700000000
-87.68093420177430000000
-87.69387325320570000000
-87.70379804679620000000
-87.71150412953540000000
-87.71757943639580000000
-87.72245377390920000000
-87.72644139526640000000
-87.72977401005420000000
-87.73262175441570000000
-87.73510861796450000000
-87.73732602392720000000
-87.73934186392730000000
-87.74120570052090000000
-87.74295397851070000000
-87.74461425062320000000
-87.74620706327850000000
-87.74774708274150000000
-87.74924476330720000000
-87.75070797624220000000
-87.75214284132160000000
-87.75355401452900000000
-87.75494484407880000000
-87.75631783015920000000
-87.75767480462620000000
-87.75901739874340000000
-87.76034656686170000000
-87.76166331585650000000
-87.76296842909860000000
-87.76426243998590000000
-87.76554577288990000000
-87.76681878100630000000
-87.76808180981510000000
-87.76933514055930000000
-87.77057904811190000000
-87.77181372094220000000
-87.77303940776780000000
-87.77425621609850000000
-87.77546443141060000000
-87.77666411934760000000
-87.77785548112230000000
-87.77903852201810000000
-87.78021358956660000000
-87.78138066775160000000
-87.78253987286600000000
-87.78369134658710000000
-87.78483525422020000000
-87.78597168199580000000
-87.78710075040960000000
-87.78822255051510000000
-87.78933717821790000000
-87.79044472720520000000
-87.79154529083310000000
-87.79263896002180000000
-87.79372582270320000000
-87.79480596428330000000
-87.79587946752430000000
-87.79694641243780000000
-87.79800687635220000000
-87.79906093456050000000
-87.80010866039300000000
-87.80115012513870000000
-87.80218539804070000000
-87.80321454637890000000
-87.80423763557810000000
-87.80525472929560000000
-87.80626588948660000000
-87.80727117646850000000
-87.80827064898170000000
-87.80926436424720000000
-87.81025237802650000000
-87.81123474467360000000
-87.81221151720020000000
-87.81318274733070000000
-87.81414848554450000000
-87.81510878111790000000
-87.81606368217180000000
-87.81701323572320000000
-87.81795748772800000000
-87.81889648311820000000
-87.81983026584250000000
-87.82075887890560000000
-87.82168236439870000000
-87.82260076353960000000
-87.82351411671260000000
-87.82442246348550000000
-87.82532584264290000000
-87.82622429223760000000
-87.82711784959380000000
-87.82800655133350000000
-87.82889043342180000000
-87.82976953118070000000
-87.83064387931530000000
-87.83151351193360000000
-87.83237846256920000000
-87.83323876420480000000
-87.83409444929160000000
-87.83494554976840000000
-87.83579209707920000000
-87.83663412219170000000
-87.83747165561430000000
-87.83830472741240000000
-87.83913336722380000000
-87.83995760427340000000
-87.84077746738780000000
-87.84159298500860000000
-87.84240418520590000000
-87.84321109569030000000
-87.84401374382520000000
-87.84481215663800000000
-87.84560636083130000000
-87.84639638279310000000
-87.84718224860690000000
-87.84796398406130000000
-87.84874161465920000000
-87.84951516562650000000
-87.85028466192030000000
-87.85105012823740000000
-87.85181158902130000000
-87.85256906847010000000
-87.85332259054320000000
-87.85407217896790000000
-87.85481785724620000000
-87.85555964866050000000
-87.85629757627970000000
-87.85703166296470000000
-87.85776193137370000000
-87.85848840396760000000
-87.85921110301440000000
-87.85993005059430000000
-87.86064526860410000000
-87.86135677876120000000
-87.86206460260800000000
-87.86276876151580000000
-87.86346927668820000000
-87.86416616916520000000
-87.86485945982620000000
-87.86554916939340000000
-87.86623531843500000000
-87.86691792736810000000
-87.86759701646190000000
-87.86827260583970000000
-87.86894471548250000000
-87.86961336523080000000
-87.87027857478720000000
-87.87094036371880000000
-87.87159875145950000000
-87.87225375731200000000
-87.87290540044960000000
-87.87355369991860000000
-87.87419867464000000000
-87.87484034341120000000
-87.87547872490770000000
-87.87611383768500000000
-87.87674570018000000000
-87.87737433071260000000
-87.87799974748690000000
-87.87862196859330000000
-87.87924101200910000000
-87.87985689560010000000
-87.88046963712220000000
-87.88107925422190000000
-87.88168576443820000000
-87.88228918520320000000
-87.88288953384350000000
-87.88348682758120000000
-87.88408108353470000000
-87.88467231871990000000
-87.88526055005130000000
-87.88584579434230000000
-87.88642806830680000000
-87.88700738855980000000
-87.88758377161810000000
-87.88815723390120000000
-87.88872779173210000000
-87.88929546133820000000
-87.88986025885160000000
-87.89042220031060000000
-87.89098130165960000000
-87.89153757875010000000
-87.89209104734170000000
-87.89264172310210000000
-87.89318962160830000000
-87.89373475834710000000
-87.89427714871530000000
-87.89481680802090000000
-87.89535375148330000000
-87.89588799423390000000
-87.89641955131690000000
-87.89694843768950000000
-87.89747466822270000000
-87.89799825770190000000
-87.89851922082690000000
-87.89903757221320000000
-87.89955332639180000000
-87.90006649781010000000
-87.90057710083220000000
-87.90108514973970000000
-87.90159065873150000000
-87.90209364192520000000
-87.90259411335660000000
-87.90309208698100000000
-87.90358757667300000000
-87.90408059622740000000
-87.90457115935950000000
-87.90505927970530000000
-87.90554497082230000000
-87.90602824618980000000
-87.90650911920920000000
-87.90698760320450000000
-87.90746371142290000000
-87.90793745703490000000
-87.90840885313490000000
-87.90887791274170000000
-87.90934464879860000000
-87.90980907417410000000
-87.91027120166230000000
-87.91073104398280000000
-87.91118861378200000000
-87.91164392363270000000
-87.91209698603470000000
-87.91254781341530000000
-87.91299641812990000000
-87.91344281246190000000
-87.91388700862320000000
-87.91432901875510000000
-87.91476885492790000000
-87.91520652914190000000
-87.91564205332720000000
-87.91607543934500000000
-87.91650669898670000000
-87.91693584397550000000
-87.91736288596580000000
-87.91778783654440000000
-87.91821070723020000000
-87.91863150947480000000
-87.91905025466310000000
-87.91946695411310000000
-87.91988161907710000000
-87.92029426074110000000
-87.92070489022590000000
-87.92111351858720000000
-87.92152015681580000000
-87.92192481583830000000
-87.92232750651690000000
-87.92272823965050000000
-87.92312702597450000000
-87.92352387616130000000
-87.92391880082050000000
-87.92431181049980000000
-87.92470291568450000000
-87.92509212679870000000
-87.92547945420490000000
-87.92586490820480000000
-87.92624849903970000000
-87.92663023689040000000
-87.92701013187790000000
-87.92738819406360000000
-87.92776443344990000000
-87.92813885997980000000
-87.92851148353830000000
-87.92888231395190000000
-87.92925136098920000000
-87.92961863436120000000
-87.92998414372190000000
-87.93034789866800000000
-87.93070990874010000000
-87.93107018342200000000
-87.93142873214200000000
-87.93178556427250000000
-87.93214068913090000000
-87.93249411597930000000
-87.93284585402540000000
-87.93319591242230000000
-87.93354430026940000000
-87.93389102661210000000
-87.93423610044260000000
-87.93457953069990000000
-87.93492132627030000000
-87.93526149598750000000
-87.93560004863310000000
-87.93593699293710000000
-87.93627233757750000000
-87.93660609118130000000
-87.93693826232470000000
-87.93726885953300000000
-87.93759789128120000000
-87.93792536599440000000
-87.93825129204790000000
-87.93857567776730000000
-87.93889853142940000000
-87.93921986126200000000
-87.93953967544430000000
-87.93985798210710000000
-87.94017478933340000000
-87.94049010515840000000
-87.94080393756990000000
-87.94111629450850000000
-87.94142718386810000000
-87.94173661349570000000
-87.94204459119240000000
-87.94235112471290000000
-87.94265622176660000000
-87.94295989001690000000
-87.94326213708250000000
-87.94356297053690000000
-87.94386239790900000000
-87.94416042668340000000
-87.94445706430050000000
-87.94475231815690000000
-87.94504619560560000000
-87.94533870395640000000
-87.94562985047590000000
-87.94591964238800000000
-87.94620808687410000000
-87.94649519107330000000
-87.94678096208250000000
-87.94706540695730000000
-87.94734853271130000000
-87.94763034631730000000
-87.94791085470680000000
-87.94819006477070000000
-87.94846798335930000000
-87.94874461728280000000
-87.94901997331120000000
-87.94929405817510000000
-87.94956687856530000000
-87.94983844113330000000
-87.95010875249170000000
-87.95037781921450000000
-87.95064564783670000000
-87.95091224485540000000
-87.95117761672940000000
-87.95144176987970000000
-87.95170471068990000000
-87.95196644550590000000
-87.95222698063670000000
-87.95248632235420000000
-87.95274447689380000000
-87.95300145045440000000
-87.95325724919840000000
-87.95351187925260000000
-87.95376534670780000000
-87.95401765761920000000
-87.95426881800670000000
-87.95451883385500000000
-87.95476771111420000000
-87.95501545569920000000
-87.95526207349080000000
-87.95550757033540000000
-87.95575195204540000000
-87.95599522439920000000
-87.95623739314190000000
-87.95647846398470000000
-87.95671844260600000000
-87.95695733465090000000
-87.95719514573190000000
-87.95743188142880000000
-87.95766754728900000000
-87.95790214882770000000
-87.95813569152800000000
-87.95836818084150000000
-87.95859962218780000000
-87.95883002095530000000
-87.95905938250130000000
-87.95928771215180000000
-87.95951501520220000000
-87.95974129691710000000
-87.95996656253080000000
-87.96019081724710000000
-87.96041406624020000000
-87.96063631465380000000
-87.96085756760240000000
-87.96107783017070000000
-87.96129710741430000000
-87.96151540435950000000
-87.96173272600350000000
-87.96194907731500000000
-87.96216446323390000000
-87.96237888867180000000
-87.96259235851190000000
-87.96280487760950000000
-87.96301645079170000000
-87.96322708285830000000
-87.96343677858110000000
-87.96364554270480000000
-87.96385337994680000000
-87.96406029499740000000
-87.96426629252010000000
-87.96447137715170000000
-87.96467555350230000000
-87.96487882615570000000
-87.96508119966970000000
-87.96528267857560000000
-87.96548326737920000000
-87.96568297056040000000
-87.96588179257340000000
-87.96607973784730000000
-87.96627681078570000000
-87.96647301576710000000
-87.96666835714510000000
-87.96686283924870000000
-87.96705646638190000000
-87.96724924282450000000
-87.96744117283170000000
-87.96763226063490000000
-87.96782251044120000000
-87.96801192643370000000
-87.96820051277210000000
-87.96838827359230000000
-87.96857521300680000000
-87.96876133510470000000
-87.96894664395220000000
-87.96913114359220000000
-87.96931483804490000000
-87.96949773130770000000
-87.96967982735560000000
-87.96986113014080000000
-87.97004164359360000000
-87.97022137162170000000
-87.97040031811120000000
-87.97057848692600000000
-87.97075588190820000000
-87.97093250687870000000
-87.97110836563640000000
-87.97128346195900000000
-87.97145779960320000000
-87.97163138230430000000
-87.97180421377680000000
-87.97197629771430000000
-87.97214763778960000000
-87.97231823765520000000
-87.97248810094290000000
-87.97265723126410000000
-87.97282563221030000000
-87.97299330735260000000
-87.97316026024240000000
-87.97332649441100000000
-87.97349201337030000000
-87.97365682061240000000
-87.97382091960990000000
-87.97398431381620000000
-87.97414700666540000000
-87.97430900157240000000
-87.97447030193330000000
-87.97463091112500000000
-87.97479083250600000000
-87.97495006941590000000
-87.97510862517590000000
-87.97526650308870000000
-87.97542370643870000000
-87.97558023849220000000
-87.97573610249720000000
-87.97589130168390000000
-87.97604583926470000000
-87.97619971843400000000
-87.97635294236880000000
-87.97650551422830000000
-87.97665743715460000000
-87.97680871427220000000
-87.97695934868860000000
-87.97710934349380000000
-87.97725870176130000000
-87.97740742654730000000
-87.97755552089140000000
-87.97770298781650000000
-87.97784983032870000000
-87.97799605141780000000
-87.97814165405720000000
-87.97828664120400000000
-87.97843101579890000000
-87.97857478076670000000
-87.97871793901610000000
-87.97886049344010000000
-87.97900244691570000000
-87.97914380230410000000
-87.97928456245100000000
-87.97942473018680000000
-87.97956430832610000000
-87.97970329966830000000
-87.97984170699760000000
-87.97997953308310000000
-87.98011678067880000000
-87.98025345252360000000
-87.98038955134170000000
-87.98052507984240000000
-87.98066004072050000000
-87.98079443665580000000
-87.98092827031400000000
-87.98106154434620000000
-87.98119426138910000000
-87.98132642406520000000
-87.98145803498290000000
-87.98158909673630000000
-87.98171961190580000000
-87.98184958305750000000
-87.98197901274410000000
-87.98210790350430000000
-87.98223625786300000000
-87.98236407833190000000
-87.98249136740890000000
-87.98261812757850000000
-87.98274436131210000000
-87.98287007106740000000
-87.98299525928940000000
-87.98311992840960000000
-87.98324408084680000000
-87.98336771900670000000
-87.98349084528200000000
-87.98361346205290000000
-87.98373557168660000000
-87.98385717653790000000
-87.98397827894880000000
-87.98409888124910000000
-87.98421898575590000000
-87.98433859477420000000
-87.98445771059650000000
-87.98457633550340000000
-87.98469447176300000000
-87.98481212163180000000
-87.98492928735390000000
-87.98504597116170000000
-87.98516217527590000000
-87.98527790190510000000
-87.98539315324660000000
-87.98550793148570000000
-87.98562223879640000000
-87.98573607734120000000
-87.98584944927100000000
-87.98596235672550000000
-87.98607480183300000000
-87.98618678671090000000
-87.98629831346500000000
-87.98640938419030000000
-87.98652000097080000000
-87.98663016587940000000
-87.98673988097810000000
-87.98684914831830000000
-87.98695796994050000000
-87.98706634787430000000
-87.98717428413920000000
-87.98728178074350000000
-87.98738883968540000000
-87.98749546295260000000
-87.98760165252230000000
-87.98770741036150000000
-87.98781273842680000000
-87.98791763866470000000
-87.98802211301160000000
-87.98812616339370000000
-87.98822979172720000000
-87.98833299991850000000
-87.98843578986380000000
-87.98853816344980000000
-87.98864012255300000000
-87.98874166904060000000
-87.98884280476970000000
-87.98894353158820000000
-87.98904385133420000000
-87.98914376583620000000
-87.98924327691360000000
-87.98934238637600000000
-87.98944109602380000000
-87.98953940764840000000
-87.98963732303150000000
-87.98973484394590000000
-87.98983197215530000000
-87.98992870941420000000
-87.99002505746810000000
-87.99012101805370000000
-87.99021659289840000000
-87.99031178372120000000
-87.99040659223200000000
-87.99050102013210000000
-87.99059506911380000000
-87.99068874086120000000
-87.99078203704930000000
-87.99087495934500000000
-87.99096750940630000000
-87.99105968888300000000
-87.99115149941640000000
-87.99124294263940000000
-87.99133402017670000000
-87.99142473364460000000
-87.99151508465130000000
-87.99160507479660000000
-87.99169470567260000000
-87.99178397886290000000
-87.99187289594330000000
-87.99196145848150000000
-87.99204966803730000000
-87.99213752616280000000
-87.99222503440190000000
-87.99231219429090000000
-87.99239900735840000000
-87.99248547512520000000
-87.99257159910430000000
-87.99265738080140000000
-87.99274282171420000000
-87.99282792333340000000
-87.99291268714160000000
-87.99299711461440000000
-87.99308120721980000000
-87.99316496641850000000
-87.99324839366380000000
-87.99333149040180000000
-87.99341425807130000000
-87.99349669810400000000
-87.99357881192420000000
-87.99366060094940000000
-87.99374206658970000000
-87.99382321024850000000
-87.99390403332190000000
-87.99398453719930000000
-87.99406472326300000000
-87.99414459288840000000
-87.99422414744420000000
-87.99430338829220000000
-87.99438231678750000000
-87.99446093427840000000
-87.99453924210660000000
-87.99461724160720000000
-87.99469493410840000000
-87.99477232093210000000
-87.99484940339360000000
-87.99492618280180000000
-87.99500266045880000000
-87.99507883766060000000
-87.99515471569680000000
-87.99523029585040000000
-87.99530557939830000000
-87.99538056761110000000
-87.99545526175300000000
-87.99552966308210000000
-87.99560377285040000000
-87.99567759230360000000
-87.99575112268130000000
-87.99582436521710000000
-87.99589732113860000000
-87.99596999166730000000
-87.99604237801880000000
-87.99611448140260000000
-87.99618630302260000000
-87.99625784407640000000
-87.99632910575620000000
-87.99640008924800000000
-87.99647079573240000000
-87.99654122638390000000
-87.99661138237150000000
-87.99668126485860000000
-87.99675087500260000000
-87.99682021395570000000
-87.99688928286430000000
-87.99695808286910000000
-87.99702661510560000000
-87.99709488070350000000
-87.99716288078730000000
-87.99723061647600000000
-87.99729808888290000000
-87.99736529911640000000
-87.99743224827930000000
-87.99749893746900000000
-87.99756536777770000000
-87.99763154029260000000
-87.99769745609520000000
-87.99776311626220000000
-87.99782852186490000000
-87.99789367396950000000
-87.99795857363720000000
-87.99802322192410000000
-87.99808761988100000000
-87.99815176855400000000
-87.99821566898390000000
-87.99827932220690000000
-87.99834272925380000000
-87.99840589115080000000
-87.99846880891920000000
-87.99853148357520000000
-87.99859391613040000000
-87.99865610759150000000
-87.99871805896030000000
-87.99877977123420000000
-87.99884124540530000000
-87.99890248246150000000
-87.99896348338580000000
-87.99902424915650000000
-87.99908478074740000000
-87.99914507912770000000
-87.99920514526170000000
-87.99926498010960000000
-87.99932458462680000000
-87.99938395976410000000
-87.99944310646820000000
-87.99950202568100000000
-87.99956071833990000000
-87.99961918537830000000
-87.99967742772490000000
-87.99973544630400000000
-87.99979324203570000000
-87.99985081583590000000
-87.99990816861580000000
-87.99996530128270000000
-88.00002221473960000000
-88.00007890988500000000
-88.00013538761370000000
-88.00019164881580000000
-88.00024769437750000000
-88.00030352518090000000
-88.00035914210390000000
-88.00041454602030000000
-88.00046973779990000000
-88.00052471830840000000
-88.00057948840750000000
-88.00063404895480000000
-88.00068840080410000000
-88.00074254480510000000
-88.00079648180370000000
-88.00085021264160000000
-88.00090373815690000000
-88.00095705918370000000
-88.00101017655230000000
-88.00106309108900000000
-88.00111580361650000000
-88.00116831495350000000
-88.00122062591510000000
-88.00127273731250000000
-88.00132464995340000000
-88.00137636464150000000
-88.00142788217690000000
-88.00147920335610000000
-88.00153032897190000000
-88.00158125981330000000
-88.00163199666610000000
-88.00168254031210000000
-88.00173289152960000000
-88.00178305109350000000
-88.00183301977500000000
-88.00188279834180000000
-88.00193238755810000000
-88.00198178818470000000
-88.00203100097890000000
-88.00208002669440000000
-88.00212886608170000000
-88.00217751988760000000
-88.00222598885590000000
-88.00227427372660000000
-88.00232237523650000000
-88.00237029411930000000
-88.00241803110490000000
-88.00246558692040000000
-88.00251296228920000000
-88.00256015793160000000
-88.00260717456470000000
-88.00265401290210000000
-88.00270067365460000000
-88.00274715752950000000
-88.00279346523080000000
-88.00283959745970000000
-88.00288555491390000000
-88.00293133828810000000
-88.00297694827390000000
-88.00302238555980000000
-88.00306765083110000000
-88.00311274477010000000
-88.00315766805610000000
-88.00320242136520000000
-88.00324700537060000000
-88.00329142074240000000
-88.00333566814780000000
-88.00337974825100000000
-88.00342366171310000000
-88.00346740919240000000
-88.00351099134420000000
-88.00355440882090000000
-88.00359766227200000000
-88.00364075234410000000
-88.00368367968080000000
-88.00372644492300000000
-88.00376904870880000000
-88.00381149167330000000
-88.00385377444890000000
-88.00389589766500000000
-88.00393786194860000000
-88.00397966792350000000
-88.00402131621100000000
-88.00406280742950000000
-88.00410414219490000000
-88.00414532112010000000
-88.00418634481540000000
-88.00422721388850000000
-88.00426792894440000000
-88.00430849058520000000
-88.00434889941070000000
-88.00438915601790000000
-88.00442926100110000000
-88.00446921495210000000
-88.00450901846010000000
-88.00454867211160000000
-88.00458817649070000000
-88.00462753217870000000
-88.00466673975470000000
-88.00470579979500000000
-88.00474471287340000000
-88.00478347956140000000
-88.00482210042760000000
-88.00486057603870000000
-88.00489890695830000000
-88.00493709374800000000
-88.00497513696680000000
-88.00501303717120000000
-88.00505079491550000000
-88.00508841075120000000
-88.00512588522790000000
-88.00516321889230000000
-88.00520041228930000000
-88.00523746596080000000
-88.00527438044690000000
-88.00531115628510000000
-88.00534779401060000000
-88.00538429415630000000
-88.00542065725280000000
-88.00545688382840000000
-88.00549297440920000000
-88.00552892951880000000
-88.00556474967890000000
-88.00560043540870000000
-88.00563598722520000000
-88.00567140564320000000
-88.00570669117530000000
-88.00574184433190000000
-88.00577686562130000000
-88.00581175554930000000
-88.00584651461990000000
-88.00588114333480000000
-88.00591564219350000000
-88.00595001169340000000
-88.00598425232990000000
-88.00601836459600000000
-88.00605234898290000000
-88.00608620597950000000
-88.00611993607270000000
-88.00615353974720000000
-88.00618701748590000000
-88.00622036976950000000
-88.00625359707650000000
-88.00628669988370000000
-88.00631967866550000000
-88.00635253389450000000
-88.00638526604130000000
-88.00641787557460000000
-88.00645036296080000000
-88.00648272866460000000
-88.00651497314860000000
-88.00654709687350000000
-88.00657910029820000000
-88.00661098387920000000
-88.00664274807170000000
-88.00667439332840000000
-88.00670592010050000000
-88.00673732883710000000
-88.00676861998550000000
-88.00679979399100000000
-88.00683085129720000000
-88.00686179234570000000
-88.00689261757620000000
-88.00692332742680000000
-88.00695392233350000000
-88.00698440273070000000
-88.00701476905070000000
-88.00704502172420000000
-88.00707516118010000000
-88.00710518784540000000
-88.00713510214540000000
-88.00716490450360000000
-88.00719459534170000000
-88.00722417507970000000
-88.00725364413580000000
-88.00728300292650000000
-88.00731225186660000000
-88.00734139136900000000
-88.00737042184500000000
-88.00739934370430000000
-88.00742815735470000000
-88.00745686320240000000
-88.00748546165210000000
-88.00751395310640000000
-88.00754233796650000000
-88.00757061663210000000
-88.00759878950090000000
-88.00762685696910000000
-88.00765481943140000000
-88.00768267728070000000
-88.00771043090820000000
-88.00773808070380000000
-88.00776562705550000000
-88.00779307034980000000
-88.00782041097170000000
-88.00784764930440000000
-88.00787478572980000000
-88.00790182062800000000
-88.00792875437760000000
-88.00795558735580000000
-88.00798231993810000000
-88.00800895249830000000
-88.00803548540910000000
-88.00806191904130000000
-88.00808825376440000000
-88.00811448994620000000
-88.00814062795310000000
-88.00816666815010000000
-88.00819261090060000000
-88.00821845656650000000
-88.00824420550820000000
-88.00826985808470000000
-88.00829541465360000000
-88.00832087557100000000
-88.00834624119140000000
-88.00837151186810000000
-88.00839668795280000000
-88.00842176979570000000
-88.00844675774590000000
-88.00847165215080000000
-88.00849645335640000000
-88.00852116170740000000
-88.00854577754720000000
-88.00857030121760000000
-88.00859473305910000000
-88.00861907341080000000
-88.00864332261050000000
-88.00866748099470000000
-88.00869154889820000000
-88.00871552665490000000
-88.00873941459710000000
-88.00876321305580000000
-88.00878692236060000000
-88.00881054283990000000
-88.00883407482080000000
-88.00885751862900000000
-88.00888087458880000000
-88.00890414302340000000
-88.00892732425460000000
-88.00895041860280000000
-88.00897342638750000000
-88.00899634792640000000
-88.00901918353640000000
-88.00904193353270000000
-88.00906459822960000000
-88.00908717794000000000
-88.00910967297560000000
-88.00913208364670000000
-88.00915441026250000000
-88.00917665313100000000
-88.00919881255890000000
-88.00922088885160000000
-88.00924288231360000000
-88.00926479324770000000
-88.00928662195600000000
-88.00930836873910000000
-88.00933003389630000000
-88.00935161772620000000
-88.00937312052560000000
-88.00939454259060000000
-88.00941588421590000000
-88.00943714569520000000
-88.00945832732070000000
-88.00947942938390000000
-88.00950045217470000000
-88.00952139598230000000
-88.00954226109440000000
-88.00956304779770000000
-88.00958375637770000000
-88.00960438711900000000
-88.00962494030480000000
-88.00964541621740000000
-88.00966581513790000000
-88.00968613734610000000
-88.00970638312110000000
-88.00972655274060000000
-88.00974664648130000000
-88.00976666461890000000
-88.00978660742780000000
-88.00980647518160000000
-88.00982626815260000000
-88.00984598661210000000
-88.00986563083040000000
-88.00988520107680000000
-88.00990469761930000000
-88.00992412072510000000
-88.00994347066020000000
-88.00996274768970000000
-88.00998195207750000000
-88.01000108408660000000
-88.01002014397890000000
-88.01003913201540000000
-88.01005804845600000000
-88.01007689355940000000
-88.01009566758380000000
-88.01011437078580000000
-88.01013300342140000000
-88.01015156574550000000
-88.01017005801190000000
-88.01018848047370000000
-88.01020683338270000000
-88.01022511698980000000
-88.01024333154520000000
-88.01026147729770000000
-88.01027955449550000000
-88.01029756338570000000
-88.01031550421430000000
-88.01033337722670000000
-88.01035118266700000000
-88.01036892077850000000
-88.01038659180360000000
-88.01040419598380000000
-88.01042173355950000000
-88.01043920477030000000
-88.01045660985490000000
-88.01047394905110000000
-88.01049122259550000000
-88.01050843072430000000
-88.01052557367220000000
-88.01054265167360000000
-88.01055966496150000000
-88.01057661376830000000
-88.01059349832540000000
-88.01061031886330000000
-88.01062707561180000000
-88.01064376879950000000
-88.01066039865430000000
-88.01067696540340000000
-88.01069346927290000000
-88.01070991048800000000
-88.01072628927320000000
-88.01074260585210000000
-88.01075886044740000000
-88.01077505328100000000
-88.01079118457390000000
-88.01080725454640000000
-88.01082326341770000000
-88.01083921140640000000
-88.01085509873020000000
-88.01087092560600000000
-88.01088669224970000000
-88.01090239887670000000
-88.01091804570130000000
-88.01093363293700000000
-88.01094916079680000000
-88.01096462949250000000
-88.01098003923540000000
-88.01099539023570000000
-88.01101068270310000000
-88.01102591684640000000
-88.01104109287350000000
-88.01105621099170000000
-88.01107127140740000000
-88.01108627432620000000
-88.01110121995300000000
-88.01111610849190000000
-88.01113094014620000000
-88.01114571511860000000
-88.01116043361070000000
-88.01117509582360000000
-88.01118970195770000000
-88.01120425221240000000
-88.01121874678660000000
-88.01123318587820000000
-88.01124756968450000000
-88.01126189840220000000
-88.01127617222700000000
-88.01129039135400000000
-88.01130455597750000000
-88.01131866629120000000
-88.01133272248790000000
-88.01134672475990000000
-88.01136067329850000000
-88.01137456829460000000
-88.01138840993820000000
-88.01140219841850000000
-88.01141593392410000000
-88.01142961664310000000
-88.01144324676250000000
-88.01145682446890000000
-88.01147034994800000000
-88.01148382338510000000
-88.01149724496450000000
-88.01151061487000000000
-88.01152393328460000000
-88.01153720039080000000
-88.01155041637010000000
-88.01156358140370000000
-88.01157669567180000000
-88.01158975935430000000
-88.01160277263000000000
-88.01161573567730000000
-88.01162864867400000000
-88.01164151179700000000
-88.01165432522270000000
-88.01166708912690000000
-88.01167980368460000000
-88.01169246907020000000
-88.01170508545760000000
-88.01171765301980000000
-88.01173017192940000000
-88.01174264235820000000
-88.01175506447750000000
-88.01176743845780000000
-88.01177976446910000000
-88.01179204268070000000
-88.01180427326140000000
-88.01181645637920000000
-88.01182859220170000000
-88.01184068089560000000
-88.01185272262720000000
-88.01186471756220000000
-88.01187666586560000000
-88.01188856770170000000
-88.01190042323450000000
-88.01191223262710000000
-88.01192399604210000000
-88.01193571364160000000
-88.01194738558690000000
-88.01195901203890000000
-88.01197059315790000000
-88.01198212910340000000
-88.01199362003460000000
-88.01200506611000000000
-88.01201646748740000000
-88.01202782432420000000
-88.01203913677720000000
-88.01205040500250000000
-88.01206162915570000000
-88.01207280939190000000
-88.01208394586560000000
-88.01209503873060000000
-88.01210608814050000000
-88.01211709424780000000
-88.01212805720490000000
-88.01213897716350000000
-88.01214985427460000000
-88.01216068868900000000
-88.01217148055650000000
-88.01218223002670000000
-88.01219293724860000000
-88.01220360237050000000
-88.01221422554040000000
-88.01222480690550000000
-88.01223534661260000000
-88.01224584480810000000
-88.01225630163760000000
-88.01226671724630000000
-88.01227709177900000000
-88.01228742537970000000
-88.01229771819220000000
-88.01230797035940000000
-88.01231818202410000000
-88.01232835332830000000
-88.01233848441360000000
-88.01234857542100000000
-88.01235862649100000000
-88.01236863776380000000
-88.01237860937880000000
-88.01238854147500000000
-88.01239843419110000000
-88.01240828766500000000
-88.01241810203420000000
-88.01242787743590000000
-88.01243761400650000000
-88.01244731188200000000
-88.01245697119810000000
-88.01246659208990000000
-88.01247617469190000000
-88.01248571913810000000
-88.01249522556240000000
-88.01250469409770000000
-88.01251412487670000000
-88.01252351803170000000
-88.01253287369430000000
-88.01254219199590000000
-88.01255147306710000000
-88.01256071703830000000
-88.01256992403930000000
-88.01257909419950000000
-88.01258822764780000000
-88.01259732451260000000
-88.01260638492190000000
-88.01261540900330000000
-88.01262439688390000000
-88.01263334869020000000
-88.01264226454840000000
-88.01265114458430000000
-88.01265998892300000000
-88.01266879768950000000
-88.01267757100820000000
-88.01268630900280000000
-88.01269501179700000000
-88.01270367951380000000
-88.01271231227580000000
-88.01272091020520000000
-88.01272947342370000000
-88.01273800205270000000
-88.01274649621290000000
-88.01275495602490000000
-88.01276338160870000000
-88.01277177308380000000
-88.01278013056950000000
-88.01278845418450000000
-88.01279674404710000000
-88.01280500027520000000
-88.01281322298630000000
-88.01282141229740000000
-88.01282956832530000000
-88.01283769118620000000
-88.01284578099580000000
-88.01285383786970000000
-88.01286186192270000000
-88.01286985326960000000
-88.01287781202450000000
-88.01288573830130000000
-88.01289363221320000000
-88.01290149387340000000
-88.01290932339430000000
-88.01291712088820000000
-88.01292488646690000000
-88.01293262024180000000
-88.01294032232390000000
-88.01294799282380000000
-88.01295563185180000000
-88.01296323951760000000
-88.01297081593080000000
-88.01297836120040000000
-88.01298587543510000000
-88.01299335874310000000
-88.01300081123250000000
-88.01300823301070000000
-88.01301562418500000000
-88.01302298486200000000
-88.01303031514830000000
-88.01303761514970000000
-88.01304488497210000000
-88.01305212472070000000
-88.01305933450040000000
-88.01306651441580000000
-88.01307366457100000000
-88.01308078506990000000
-88.01308787601600000000
-88.01309493751230000000
-88.01310196966160000000
-88.01310897256620000000
-88.01311594632820000000
-88.01312289104920000000
-88.01312980683050000000
-88.01313669377310000000
-88.01314355197750000000
-88.01315038154410000000
-88.01315718257270000000
-88.01316395516280000000
-88.01317069941360000000
-88.01317741542410000000
-88.01318410329260000000
-88.01319076311740000000
-88.01319739499630000000
-88.01320399902670000000
-88.01321057530580000000
-88.01321712393040000000
-88.01322364499700000000
-88.01323013860160000000
-88.01323660484010000000
-88.01324304380790000000
-88.01324945560010000000
-88.01325584031160000000
-88.01326219803680000000
-88.01326852886980000000
-88.01327483290440000000
-88.01328111023420000000
-88.01328736095230000000
-88.01329358515140000000
-88.01329978292420000000
-88.01330595436280000000
-88.01331209955910000000
-88.01331821860460000000
-88.01332431159050000000
-88.01333037860780000000
-88.01333641974710000000
-88.01334243509870000000
-88.01334842475250000000
-88.01335438879820000000
-88.01336032732520000000
-88.01336624042240000000
-88.01337212817870000000
-88.01337799068240000000
-88.01338382802160000000
-88.01338964028430000000
-88.01339542755790000000
-88.01340118992950000000
-88.01340692748620000000
-88.01341264031450000000
-88.01341832850070000000
-88.01342399213090000000
-88.01342963129070000000
-88.01343524606560000000
-88.01344083654070000000
-88.01344640280080000000
-88.01345194493050000000
-88.01345746301390000000
-88.01346295713510000000
-88.01346842737770000000
-88.01347387382520000000
-88.01347929656050000000
-88.01348469566650000000
-88.01349007122570000000
-88.01349542332030000000
-88.01350075203230000000
-88.01350605744340000000
-88.01351133963490000000
-88.01351659868810000000
-88.01352183468350000000
-88.01352704770190000000
-88.01353223782360000000
-88.01353740512840000000
-88.01354254969620000000
-88.01354767160630000000
-88.01355277093800000000
-88.01355784777020000000
-88.01356290218150000000
-88.01356793425020000000
-88.01357294405450000000
-88.01357793167220000000
-88.01358289718090000000
-88.01358784065770000000
-88.01359276217990000000
-88.01359766182410000000
-88.01360253966690000000
-88.01360739578450000000
-88.01361223025280000000
-88.01361704314770000000
-88.01362183454450000000
-88.01362660451840000000
-88.01363135314450000000
-88.01363608049740000000
-88.01364078665150000000
-88.01364547168110000000
-88.01365013566000000000
-88.01365477866190000000
-88.01365940076020000000
-88.01366400202820000000
-88.01366858253870000000
-88.01367314236440000000
-88.01367768157780000000
-88.01368220025100000000
-88.01368669845590000000
-88.01369117626430000000
-88.01369563374760000000
-88.01370007097690000000
-88.01370448802330000000
-88.01370888495740000000
-88.01371326184980000000
-88.01371761877060000000
-88.01372195578990000000
-88.01372627297740000000
-88.01373057040260000000
-88.01373484813490000000
-88.01373910624320000000
-88.01374334479640000000
-88.01374756386300000000
-88.01375176351150000000
-88.01375594380990000000
-88.01376010482600000000
-88.01376424662760000000
-88.01376836928210000000
-88.01377247285660000000
-88.01377655741820000000
-88.01378062303360000000
-88.01378466976920000000
-88.01378869769130000000
-88.01379270686610000000
-88.01379669735930000000
-88.01380066923660000000
-88.01380462256330000000
-88.01380855740470000000
-88.01381247382560000000
-88.01381637189080000000
-88.01382025166490000000
-88.01382411321200000000
-88.01382795659620000000
-88.01383178188150000000
-88.01383558913150000000
-88.01383937840960000000
-88.01384314977890000000
-88.01384690330260000000
-88.01385063904320000000
-88.01385435706360000000
-88.01385805742590000000
-88.01386174019240000000
-88.01386540542490000000
-88.01386905318530000000
-88.01387268353500000000
-88.01387629653530000000
-88.01387989224730000000
-88.01388347073210000000
-88.01388703205010000000
-88.01389057626190000000
-88.01389410342790000000
-88.01389761360800000000
-88.01390110686220000000
-88.01390458325020000000
-88.01390804283130000000
-88.01391148566490000000
-88.01391491181010000000
-88.01391832132570000000
-88.01392171427040000000
-88.01392509070280000000
-88.01392845068090000000
-88.01393179426310000000
-88.01393512150700000000
-88.01393843247050000000
-88.01394172721110000000
-88.01394500578590000000
-88.01394826825230000000
-88.01395151466700000000
-88.01395474508680000000
-88.01395795956830000000
-88.01396115816780000000
-88.01396434094140000000
-88.01396750794520000000
-88.01397065923490000000
-88.01397379486610000000
-88.01397691489420000000
-88.01398001937440000000
-88.01398310836180000000
-88.01398618191130000000
-88.01398924007740000000
-88.01399228291480000000
-88.01399531047760000000
-88.01399832282000000000
-88.01400131999600000000
-88.01400430205920000000
-88.01400726906330000000
-88.01401022106170000000
-88.01401315810760000000
-88.01401608025410000000
-88.01401898755380000000
-88.01402188005970000000
-88.01402475782420000000
-88.01402762089950000000
-88.01403046933800000000
-88.01403330319150000000
-88.01403612251180000000
-88.01403892735070000000
-88.01404171775950000000
-88.01404449378950000000
-88.01404725549190000000
-88.01405000291760000000
-88.01405273611740000000
-88.01405545514190000000
-88.01405816004150000000
-88.01406085086650000000
-88.01406352766700000000
-88.01406619049290000000
-88.01406883939400000000
-88.01407147441990000000
-88.01407409562000000000
-88.01407670304360000000
-88.01407929673980000000
-88.01408187675760000000
-88.01408444314560000000
-88.01408699595260000000
-88.01408953522690000000
-88.01409206101690000000
-88.01409457337070000000
-88.01409707233630000000
-88.01409955796140000000
-88.01410203029370000000
-88.01410448938070000000
-88.01410693526980000000
-88.01410936800800000000
-88.01411178764250000000
-88.01411419422000000000
-88.01411658778730000000
-88.01411896839090000000
-88.01412133607730000000
-88.01412369089260000000
-88.01412603288290000000
-88.01412836209420000000
-88.01413067857220000000
-88.01413298236250000000
-88.01413527351070000000
-88.01413755206210000000
-88.01413981806170000000
-88.01414207155470000000
-88.01414431258590000000
-88.01414654120000000000
-88.01414875744160000000
-88.01415096135520000000
-88.01415315298490000000
-88.01415533237490000000
-88.01415749956920000000
-88.01415965461170000000
-88.01416179754600000000
-88.01416392841560000000
-88.01416604726400000000
-88.01416815413440000000
-88.01417024906990000000
-88.01417233211350000000
-88.01417440330800000000
-88.01417646269610000000
-88.01417851032030000000
-88.01418054622310000000
-88.01418257044670000000
-88.01418458303310000000
-88.01418658402450000000
-88.01418857346250000000
-88.01419055138900000000
-88.01419251784540000000
-88.01419447287330000000
-88.01419641651380000000
-88.01419834880820000000
-88.01420026979750000000
-88.01420217952240000000
-88.01420407802380000000
-88.01420596534220000000
-88.01420784151820000000
-88.01420970659210000000
-88.01421156060400000000
-88.01421340359410000000
-88.01421523560230000000
-88.01421705666830000000
-88.01421886683190000000
-88.01422066613260000000
-88.01422245460970000000
-88.01422423230270000000
-88.01422599925060000000
-88.01422775549240000000
-88.01422950106700000000
-88.01423123601320000000
-88.01423296036970000000
-88.01423467417490000000
-88.01423637746720000000
-88.01423807028480000000
-88.01423975266600000000
-88.01424142464860000000
-88.01424308627050000000
-88.01424473756950000000
-88.01424637858330000000
-88.01424800934920000000
-88.01424962990470000000
-88.01425124028700000000
-88.01425284053330000000
-88.01425443068060000000
-88.01425601076560000000
-88.01425758082530000000
-88.01425914089620000000
-88.01426069101480000000
-88.01426223121750000000
-88.01426376154070000000
-88.01426528202040000000
-88.01426679269270000000
-88.01426829359350000000
-88.01426978475870000000
-88.01427126622380000000
-88.01427273802440000000
-88.01427420019610000000
-88.01427565277410000000
-88.01427709579350000000
-88.01427852928960000000
-88.01427995329730000000
-88.01428136785150000000
-88.01428277298680000000
-88.01428416873800000000
-88.01428555513960000000
-88.01428693222580000000
-88.01428830003110000000
-88.01428965858970000000
-88.01429100793550000000
-88.01429234810250000000
-88.01429367912460000000
-88.01429500103560000000
-88.01429631386890000000
-88.01429761765810000000
-88.01429891243670000000
-88.01430019823780000000
-88.01430147509480000000
-88.01430274304050000000
-88.01430400210810000000
-88.01430525233030000000
-88.01430649373980000000
-88.01430772636940000000
-88.01430895025150000000
-88.01431016541860000000
-88.01431137190290000000
-88.01431256973660000000
-88.01431375895200000000
-88.01431493958090000000
-88.01431611165510000000
-88.01431727520670000000
-88.01431843026710000000
-88.01431957686790000000
-88.01432071504070000000
-88.01432184481680000000
-88.01432296622740000000
-88.01432407930370000000
-88.01432518407680000000
-88.01432628057750000000
-88.01432736883690000000
-88.01432844888560000000
-88.01432952075420000000
-88.01433058447330000000
-88.01433164007330000000
-88.01433268758470000000
-88.01433372703760000000
-88.01433475846210000000
-88.01433578188840000000
-88.01433679734640000000
-88.01433780486590000000
-88.01433880447670000000
-88.01433979620840000000
-88.01434078009050000000
-88.01434175615270000000
-88.01434272442410000000
-88.01434368493410000000
-88.01434463771180000000
-88.01434558278630000000
-88.01434652018660000000
-88.01434744994160000000
-88.01434837208000000000
-88.01434928663050000000
-88.01435019362180000000
-88.01435109308230000000
-88.01435198504050000000
-88.01435286952460000000
-88.01435374656290000000
-88.01435461618350000000
-88.01435547841450000000
-88.01435633328370000000
-88.01435718081920000000
-88.01435802104850000000
-88.01435885399930000000
-88.01435967969940000000
-88.01436049817610000000
-88.01436130945680000000
-88.01436211356890000000
-88.01436291053950000000
-88.01436370039580000000
-88.01436448316490000000
-88.01436525887360000000
-88.01436602754890000000
-88.01436678921750000000
-88.01436754390610000000
-88.01436829164130000000
-88.01436903244970000000
-88.01436976635750000000
-88.01437049339130000000
-88.01437121357710000000
-88.01437192694130000000
-88.01437263350970000000
-88.01437333330860000000
-88.01437402636370000000
-88.01437471270080000000
-88.01437539234580000000
-88.01437606532430000000
-88.01437673166170000000
-88.01437739138370000000
-88.01437804451570000000
-88.01437869108280000000
-88.01437933111040000000
-88.01437996462370000000
-88.01438059164760000000
-88.01438121220710000000
-88.01438182632730000000
-88.01438243403280000000
-88.01438303534850000000
-88.01438363029900000000
-88.01438421890880000000
-88.01438480120250000000
-88.01438537720440000000
-88.01438594693900000000
-88.01438651043050000000
-88.01438706770300000000
-88.01438761878060000000
-88.01438816368750000000
-88.01438870244740000000
-88.01438923508430000000
-88.01438976162190000000
-88.01439028208400000000
-88.01439079649410000000
-88.01439130487580000000
-88.01439180725270000000
-88.01439230364800000000
-88.01439279408520000000
-88.01439327858740000000
-88.01439375717780000000
